15,306
15,305
15,304
15,303
15,302
15,301
15,300
15,299
15,298
16,124
16,123
16,122
16,121
16,120
16,119
15,297
15,296
15,295
15,294
15,293
15,292
15,291
15,290
15,289
15,288
15,287
15,286
15,285
15,284
15,283
15,282
15,281
15,280
15,279
15,278
15,277
16,118
16,117
16,116
16,115
16,114
16,113
16,112
16,111
15,276
14,320
15,275
15,274
15,273
15,272
15,271
15,270
14,261
14,260
14,259
14,258
14,257
14,256
15,269
15,268
15,267
15,266
15,265
15,264
16,110
16,109
16,108
16,107
16,106
14,255
14,254
14,253
14,252
14,251
14,250
14,249
14,248
14,247
14,246
14,245
14,244
14,243
14,242
14,241
14,240
14,239
14,238
14,237
14,236
14,235
14,234
14,233
14,232
14,231
48,8
48,7
48,6
48,5
14,2
13,4
13,3
13,2
13,1
13,0
12,10
12,9
12,8
12,7
12,6
12,5
12,4
12,3
12,2
12,1
12,0
11,5
11,4
11,3
11,2
11,1
11,0
10,4
10,3
10,2
10,1
10,0
9,5
9,4
9,3
9,2
9,1
9,0
8,5
8,4
8,3
8,2
8,1
8,0
7,5
7,4
7,3
7,2
7,1
7,0
6,5
6,4
6,3
6,2
6,1
6,0
5,6
5,5
5,4
5,3
5,2
5,1
5,0
4,3
4,1
4,0
2,14
2,13
2,12
2,11
2,10
2,9
2,8
2,7
2,6
2,5
2,2
0,443
0,439
0,437
0,432
0,430
0,427
0,425
0,424
0,418
0,417
0,413
0,412
0,411
0,408
0,407
0,397
0,392
0,382
0,379
0,378
0,376
0,370
0,365
0,359
0,322
0,317
0,243
18,4
18,1
18,3
0,442
18,0
1,1
14,5
1,3
1,0
14,6
2,1
14,4
14,204
2,4
2,3
2,0
14,1
14,85
14,12
14,3
14,0
0,9
0,390
0,310
0,305
0,308
0,304
0,303
0,302
0,307
0,12
0,441
0,10
0,8
0,0
0,300
0,325
0,299
0,405
0,298
0,399
0,297
0,409
0,296
0,363
0,295
0,362
0,294
0,406
0,293
0,343
0,292
0,291
0,340
0,290
0,426
0,289
0,387
0,288
0,335
0,287
0,364
0,286
0,375
0,285
0,374
0,284
0,404
0,283
0,323
0,282
0,333
0,281
14,7
14,8
14,10
14,11
14,14
14,15
14,17
14,19
14,20
14,22
14,23
14,25
14,27
14,28
14,30
14,31
14,33
14,34
14,36
14,38
14,64
14,66
14,67
14,69
14,71
14,72
14,74
14,75
14,77
14,78
14,80
14,82
14,83
14,86
14,87
14,89
14,91
14,92
14,94
14,95
14,97
14,98
14,100
14,102
14,103
14,105
14,106
14,108
14,110
14,111
14,113
14,114
14,116
14,118
14,119
14,121
14,122
14,124
14,125
14,127
14,129
14,130
14,132
14,133
14,135
14,137
14,138
14,140
14,141
14,143
14,144
14,146
14,148
14,149
14,151
14,152
14,154
14,156
14,157
14,159
14,160
14,162
14,163
14,165
14,167
14,168
14,170
14,171
14,173
14,175
14,176
14,178
14,179
14,181
14,183
14,184
14,186
14,187
14,189
14,190
14,192
14,194
14,195
14,197
14,198
14,200
14,202
14,203
14,206
14,207
14,209
14,210
14,212
14,214
14,215
14,217
14,218
14,220
14,222
14,223
14,225
14,226
14,228
14,229
15,0
15,2
15,3
15,5
15,6
15,8
15,10
15,11
15,13
15,14
15,16
15,17
15,19
15,21
15,22
15,24
15,25
15,27
15,29
15,30
15,32
15,33
15,35
15,37
15,64
15,66
15,67
15,69
15,70
15,72
15,74
15,75
15,77
15,78
15,80
15,82
15,83
15,85
15,86
15,88
15,89
15,91
15,93
15,94
15,96
15,97
15,99
15,101
15,102
15,104
15,105
15,107
15,108
15,110
15,112
15,113
15,115
15,116
15,118
15,120
15,121
15,123
15,124
15,126
15,128
15,129
15,131
15,132
15,134
15,135
15,137
15,139
15,140
15,142
15,143
15,145
15,147
15,148
15,150
15,151
15,256
15,257
15,259
15,261
15,262
16,0
16,1
16,3
16,5
16,6
16,8
16,9
16,11
16,12
16,14
16,16
16,17
16,19
16,20
16,22
16,24
16,25
16,27
16,28
16,30
16,31
16,33
16,35
16,36
16,38
16,39
16,64
16,66
16,67
16,69
16,70
16,72
16,74
16,75
16,77
16,78
16,80
16,81
16,83
16,85
16,86
16,88
16,89
16,91
16,93
16,94
16,96
16,97
16,99
16,100
16,102
16,104
16,105
17,1
17,2
17,4
17,6
17,7
17,9
17,10
19,0
19,1
19,3
20,0
20,1
20,3
20,4
21,0
21,2
21,3
22,0
22,1
22,3
22,5
23,0
23,2
23,3
24,0
24,1
24,3
24,5
24,6
25,0
25,1
25,3
26,0
26,1
26,3
26,4
27,0
27,1
27,3
27,5
27,6
28,0
28,1
28,3
28,5
29,0
29,2
29,3
30,1
30,2
30,4
31,0
31,1
31,3
32,0
32,2
32,4
33,0
33,2
33,3
33,5
34,1
34,2
34,4
35,0
35,2
35,3
36,0
36,2
36,3
36,5
37,0
37,2
37,4
37,5
37,7
37,8
37,10
38,0
38,2
38,4
39,0
39,2
39,3
40,1
40,3
40,4
41,1
41,2
41,4
42,0
42,2
42,4
43,0
43,2
43,3
43,5
44,0
44,1
44,3
44,4
44,6
44,7
45,1
45,3
45,4
46,0
46,1
46,3
46,5
47,0
47,2
47,3
47,5
48,0
48,1
48,3
48,4
49,1
49,2
49,4
51,0
51,1
51,3
51,4
51,6
51,8
51,9
52,0
52,1
52,3
52,4
52,6
53,0
53,1
53,3
53,4
54,0
54,2
54,3
54,5
57,0
57,2
57,3
57,1
54,4
54,1
53,5
53,2
52,7
52,5
52,2
51,10
51,7
51,5
51,2
49,5
49,3
49,0
48,2
47,6
47,4
47,1
46,4
46,2
45,5
45,2
45,0
44,5
44,2
43,6
43,4
43,1
42,3
42,1
41,3
41,0
40,2
40,0
39,1
38,3
38,1
37,9
37,6
37,3
37,1
36,4
36,1
35,4
35,1
34,3
34,0
33,4
33,1
32,3
32,1
31,2
30,5
30,3
30,0
29,1
28,4
28,2
27,7
27,4
27,2
26,5
26,2
25,4
25,2
24,7
24,4
24,2
23,4
23,1
22,4
22,2
21,4
21,1
20,5
20,2
19,4
19,2
18,2
17,8
17,5
17,3
17,0
16,103
16,101
16,98
16,95
16,92
16,90
16,87
16,84
16,82
16,79
16,76
16,73
16,71
16,68
16,65
16,40
16,37
16,34
16,32
16,29
16,26
16,23
16,21
16,18
16,15
16,13
16,10
16,7
16,4
16,2
15,263
15,260
15,258
15,192
15,149
15,146
15,144
15,141
15,138
15,136
15,133
15,130
15,127
15,125
15,122
15,119
15,117
15,114
15,111
15,109
15,106
15,103
15,100
15,98
15,95
15,92
15,90
15,87
15,84
15,81
15,79
15,76
15,73
15,71
15,68
15,65
15,36
15,34
15,31
15,28
15,26
15,23
15,20
15,18
15,15
15,12
15,9
15,7
15,4
15,1
14,230
14,227
14,224
14,221
14,219
14,216
14,213
14,211
14,208
14,205
14,201
14,199
14,196
14,193
14,191
14,188
14,185
14,182
14,180
14,177
14,174
14,172
14,169
14,166
14,164
14,161
14,158
14,155
14,153
14,150
14,147
14,145
14,142
14,139
14,136
14,134
14,131
14,128
14,126
14,123
14,120
14,117
14,115
14,112
14,109
14,107
14,104
14,101
14,99
14,96
14,93
14,90
14,88
14,84
14,81
14,79
14,76
14,73
14,70
14,68
14,65
14,37
14,35
14,32
14,29
14,26
14,24
14,21
14,18
14,16
14,13
14,9
0,401
0,280
0,330
0,279
0,373
0,278
0,277
0,276
0,371
0,275
0,402
0,274
0,273
0,320
0,272
0,447
0,271
0,372
0,270
0,269
0,316
0,268
0,328
0,267
0,266
0,400
0,265
0,360
0,264
0,388
0,263
0,383
0,262
0,398
0,261
0,309
0,260
0,396
0,259
0,394
0,258
0,319
0,257
0,445
0,256
0,391
0,255
0,358
0,254
0,369
0,253
0,252
0,434
0,251
0,367
0,250
0,324
0,249
0,353
0,248
0,381
0,247
0,352
0,246
0,341
0,245
0,357
0,244
0,433
0,242
0,321
0,241
0,440
0,240
0,331
0,239
0,238
0,237
0,386
0,236
0,347
0,235
0,356
0,234
0,315
0,233
0,344
0,232
0,389
0,231
0,342
0,230
0,355
0,229
0,354
0,228
0,428
0,227
0,338
0,226
0,332
0,225
0,224
0,385
0,223
0,318
0,222
0,336
0,221
0,314
0,220
0,313
0,219
0,306
0,218
0,429
0,217
0,339
0,216
0,446
0,215
0,435
0,214
0,213
0,329
0,212
0,327
0,211
0,395
0,210
0,423
0,209
0,351
0,208
0,207
0,301
0,206
0,312
0,205
0,204
0,380
0,203
0,436
0,202
0,422
0,201
0,421
0,200
0,419
0,199
0,345
0,198
0,366
0,197
0,350
0,196
0,326
0,195
0,311
0,194
0,334
0,193
0,416
0,192
0,431
0,63
0,349
0,62
0,415
0,61
0,444
0,60
0,420
0,59
0,368
0,58
0,57
0,348
0,56
0,55
0,346
0,54
0,377
0,53
0,403
0,52
0,393
0,51
0,438
0,50
0,414
0,49
0,337
0,48
0,47
0,410
0,46
0,384
0,45
0,361
0,6
0,5
0,1
0,11
0,4
0,2
0,3
0,7
